RNG 1337 24
0.1844118325971067
0.18998925131745636
0.8104719922412187
0.6437488221563399
0.430774615611881
0.381045897025615
0.5265626488253474
0.5485863720532507
0.5440049681346864
0.5436235317029059
0.6605437572579831
0.19069375889375806
0.45512870186939836
0.39513605600222945
0.20250066346488893
0.7981366943567991
0.5652170025277883
0.9278955478221178
0.6309807884972543
0.08549779723398387
0.19917204836383462
0.20887660374864936
0.45202541956678033
0.29042719630524516
WORLD 1
PAD 70.9654399755182 10.041418172577819
HEIGHTS 49
-90 -90 4.907715384277365
-90 -60 6.103971173883678
-90 -30 5.2311107025609065
-90 0 5.45119380017725
-90 30 2.9720606718713913
-90 60 1.8453763165134323
-90 90 3.2940131285795835
-60 -90 4.299112287779076
-60 -60 3.9828269861536962
-60 -30 4.204712912536045
-60 0 4.774639264026102
-60 30 2.487058008050066
-60 60 1.8167685443070591
-60 90 3.6043533549913582
-30 -90 3.5807710536903237
-30 -60 3.785305494778953
-30 -30 4.289931520711507
-30 0 4.607825501875594
-30 30 2.58702121610666
-30 60 1.543868490887096
-30 90 2.7009040047291575
0 -90 3.725281400765737
0 -60 3.7933687003670276
0 -30 4.374557970287048
0 0 0
0 30 3.376752142089643
0 60 2.627958825785755
0 90 1.6041235587880178
30 -90 3.5062781659979736
30 -60 3.049831873175395
30 -30 2.506057378122182
30 0 3.5616559012002944
30 30 2.524690102574138
30 60 2.6835468540891663
30 90 3.0548684148038827
60 -90 4.22667794521992
60 -60 2.3414985484603488
60 -30 2.3889193165601816
60 0 0.7280288119856998
60 30 2.226869574686533
60 60 2.487421957057442
60 90 4.819401275822356
90 -90 4.753724677272781
90 -60 4.3875304141311915
90 -30 4.889484683422329
90 0 2.5796626514781242
90 30 2.421071760657846
90 60 2.5157710462086755
90 90 3.730095565297066
ROCKS 95
45.05608442425728 32.480672512203455 1.7641462742816658 3.0219925465610635
-65.7863460406661 92.25131219998002 1.405548629583791 1.6471032823443512
61.87641430646181 -73.95256653055549 2.10667019947432 2.72124167865036
-63.3629015237093 -85.22807886451483 2.244017724180594 3.427975474332811
-39.86901047080755 -88.31612176075578 3.5206848716828976 6.669949728961082
53.604199066758156 90.15299662947655 1.9926240231376142 2.7852665014730618
-67.08157413080335 -28.160453852266073 3.2605173508636653 3.9372159152723816
4.948290314525366 86.27215722203255 1.8440948605537417 1.9984154624579953
0.3148397207260132 -99.37619898468256 3.458068660879508 3.5529281191178357
63.54910468682647 -20.140464916825294 1.615312905749306 2.346755754186553
0.5844851769506931 -53.1668327562511 3.0572801976930353 3.732569921475067
-11.072629380971193 -56.664795730262995 2.494932110514492 3.327371223249128
-36.39729715138674 10.403170980513096 2.568690620502457 4.628694838812652
79.79730870574713 -61.484826505184174 1.3924001466482878 2.1900811963622298
62.347555473446846 -48.82275425642729 2.9785884640179576 3.4740949584586764
76.32057569548488 -64.78341344743967 3.1042994835879654 3.8444959228891187
-68.43872286379337 -1.5287243239581585 2.8170515646226706 3.4266311357753034
21.01732336729765 -30.775843683630228 1.2014737233985215 1.5806592944747702
-69.83662591129541 -62.67577461153269 3.2531311147380624 5.639457088167757
-75.9718135073781 88.63225501403213 2.320310622081161 3.589977636756097
-63.24621278047562 -72.83411271497607 3.340299957804382 5.34901425528563
-17.610858667641878 14.612927481532097 1.1042049348354341 1.16072554916014
10.237983290106058 14.767950505018234 2.1432505148462955 3.775750368849251
-57.9887769035995 -65.46859124675393 1.3590970887336882 1.9492963459628707
83.22007632255554 -102.4529714398086 1.9156110462732614 3.595417189495223
5.609734576195478 -35.76220569759607 3.5662034255452455 6.454812655573352
-87.12135562673211 76.0399167612195 2.471635246044025 4.294210259738445
86.34826250746846 63.44402737170458 1.871125909779221 2.866813090406862
-72.81302004680037 -44.26868016645312 3.025099282898009 4.496856302611566
-5.739367410540581 60.69757867231965 2.5564701836090533 4.082925228435546
94.18648566305637 41.27565597742796 3.5628711251541976 5.876167240893345
-9.927233379334211 77.56604167073965 3.047708493890241 5.001808722505754
51.9154253937304 43.13376623392105 2.093195130443201 2.9635077998213353
-76.5327615737915 83.61142909899354 2.4988693141378464 3.5264422301590788
-50.39952302351594 -8.016803193837404 2.0015888932161037 3.2356802869087353
-15.028067406266928 64.95060938224196 1.9126171056181194 3.0281421121730965
4.469106629490852 -102.4056045152247 1.992809689976275 3.492981713814324
-39.13856314867735 -50.68723323568702 3.4104639062192295 4.117246133027552
9.809969834983349 59.850285310298204 2.39843828403391 4.396801692217926
73.02213142439723 102.6359239667654 2.83206469216384 4.365193048579755
39.77274515852332 100.74775087088346 3.5565270011778924 6.482717915998963
-60.06797143816948 -18.566530346870422 2.1690626209136097 3.3919873118248414
45.90222140401602 -38.321787275373936 2.871894151484594 4.00517488921562
-53.16428341716528 -75.44100997969508 3.426292363042012 4.895934689392065
-45.541953071951866 -14.059224650263786 1.389983998797834 1.8595423589363855
99.2386958450079 -16.5685740634799 1.8314333761576564 2.7093402861955145
40.19702572375536 91.00097186863422 3.5144056247081608 4.213475816182731
-58.19696706905961 67.87701330333948 3.1779298564884813 5.123987913377243
-47.59997135028243 -77.4228303283453 3.434376558288932 3.7333042618482803
60.14461612328887 -66.56163545325398 2.4052381336688997 4.163964189473802
-74.03264418616891 -48.43765077739954 2.4407844008877877 4.458340427195381
47.382713720202446 -28.712774623185396 2.175642697745934 3.1807402105759253
-43.498175758868456 -46.875181186944246 3.17810232648626 3.3963070310182037
30.565384048968554 -25.305571675300598 2.444613562943414 4.246208376481165
2.0228778272867203 -78.01063108444214 2.0982040828093886 3.17290457367188
24.991258665919304 11.422446347773075 1.6520756541285664 2.8916851786398636
-99.15604168176651 -5.829692013561726 2.1133672832511365 3.588632421424609
97.23189390078187 33.05145936831832 1.6313286802265794 2.870520199620009
-17.040030404925346 34.911306619644165 3.0097985610831532 3.2478688071961384
-90.31202311441302 -43.76268117874861 1.9799952868837865 3.316772090520837
-25.74011240899563 20.727974954992533 3.297999933641404 4.080863018049951
-38.93170613050461 -54.52935558184981 2.3491193335969003 3.9908288665862535
-40.11855270713568 90.53192248567939 1.51887839846313 2.470222753753954
-96.4971416965127 -6.281923051923513 1.8504844530951234 2.5558425331576533
76.90071109682322 -72.8273619376123 1.3078136638272555 1.4288921799388503
-62.22150757908821 -52.9661766551435 3.619746124185622 4.065281037179553
-61.705842934548855 54.23323382437229 1.2906137828249484 1.9812213800743537
-56.78569695353508 55.67682607844472 1.7370483763981612 2.0200636736205246
-47.37265157699585 14.12906949967146 3.3675226191058756 3.453907884138668
73.00244386866689 -81.27047539502382 2.3725937137380244 2.587102410273038
85.68863379210234 69.10420022532344 3.0987745438236747 4.353932432879473
-19.392795354127884 92.82054207101464 1.7474970133043826 3.0764968447552863
-2.2238924466073513 -25.729839358478785 3.662611806718633 3.933344590288516
50.60358991473913 -8.991316862404346 1.8978911419399083 2.204782930434944
-78.95524008199573 -8.346090041100979 2.248477361071855 3.705822275240892
48.30152214318514 5.828325547277927 2.837799810990691 3.005412948626695
48.726310193538666 -86.51772975176573 2.770824788371101 2.7729223656085704
54.298126734793186 1.7821170836687088 1.855176383443177 3.4552419913679584
-7.84217344224453 21.06612804532051 3.126729601342231 3.8431601120038987
-43.78128334879875 -31.619997214525938 2.394601905485615 3.3536773109646103
-42.017252426594496 -0.14623935148119926 2.6924441314768046 5.003500333045737
-0.11094625294208527 -97.88412231206894 1.7935665413271638 3.070084089314455
69.08096424490213 56.1942042298615 1.7707290528342128 3.173350398980522
27.600237108767033 -37.66975272446871 3.1203711279202255 5.036555710729235
-47.719666697084904 -98.18626434728503 2.7237462056800723 3.4327438012642064
1.0303912721574306 -56.158020090311766 2.5625507224816833 3.4844538411043873
-54.750753968954086 65.23391829058528 3.21741477958858 3.471666772482149
102.06411090493202 37.927990056574345 3.326419243309647 5.323512187042881
-26.078746154904366 49.14616088196635 1.1398627964779735 2.075900506652871
-55.67096019163728 -19.131780922412872 1.489350355602801 2.7595140880197015
69.24699101224542 33.3712699636817 3.3124155572615566 4.379430635125464
91.56398769840598 -101.93036080151796 3.3998162555042657 3.9113277206770136
4.398692838847637 -40.32396586984396 2.0933144341222945 2.780351886183945
-47.14708172902465 -57.766694605350494 2.183012034650892 2.411576001610899
44.09122871235013 -91.67458502203226 1.8523467967286709 2.203932650847244
NESTS 5
14.867619210714004 79.26796192077117
-65.31099094825808 -37.34325514980294
85.93813578147706 -29.767720160142165
-67.62189335803714 22.13134751475416
46.92321065284011 49.075520553178116
WORLD 1337
PAD -33.083284928928116 -62.999077567418325
HEIGHTS 49
-90 -90 3.7545167572563054
-90 -60 3.118000947266547
-90 -30 3.0458226569545057
-90 0 2.18889685659409
-90 30 1.9453985421525457
-90 60 2.3284246342646
-90 90 2.2989593008176286
-60 -90 2.712911377303096
-60 -60 3.935174090242063
-60 -30 4.619035460370404
-60 0 4.235715291147955
-60 30 4.078220469207177
-60 60 4.301343254966276
-60 90 3.21967368765561
-30 -90 3.361497243265017
-30 -60 0
-30 -30 4.280742467129696
-30 0 4.728061754953994
-30 30 3.8220831252526937
-30 60 3.5143860009320154
-30 90 3.2302295060947612
0 -90 4.61785572316057
0 -60 2.889450836402278
0 -30 3.5856469570493723
0 0 0
0 30 3.497298000328741
0 60 2.6729040074679977
0 90 2.8335739769244332
30 -90 2.6156150931895086
30 -60 2.688523697872295
30 -30 2.7057206554520836
30 0 2.891290807761603
30 30 2.2783033870001805
30 60 2.1718777565704963
30 90 3.3789467752619764
60 -90 2.5261482350004694
60 -60 2.9523533738293595
60 -30 2.7079961084664546
60 0 2.5052249290346227
60 30 2.208351250093987
60 60 1.5140602513045385
60 90 3.7114204838920895
90 -90 5.534856462828693
90 -60 4.661475771718345
90 -30 4.182067231199319
90 0 3.5247486891346926
90 30 3.618071264070617
90 60 3.6370878542370257
90 90 4.827259149446205
ROCKS 95
-60.6006839312613 -17.94867653399706 3.178539218194783 4.980325957118673
-79.57322997972369 -91.08329167962074 3.491876942897216 3.647036586708226
-48.19488227367401 -44.303283009678125 1.2272233502939345 1.4016792132888483
71.55518202111125 -76.20617443695664 3.31136680431664 4.979763635240122
-38.76602252945304 71.59033608064055 2.2152155130170286 2.246612585246522
-7.202719282358885 -26.577405083924532 3.1259028495289387 4.18553735315399
16.60126058012247 -60.12065961956978 2.3658481751568616 3.2235363196648494
-44.3518243804574 84.53919965401292 2.042566339671612 3.1729249868289893
-12.592096205800772 76.5638653896749 2.0307350624818357 2.1065606454734804
35.99608098343015 19.64991858229041 2.2560125907417388 4.128828882677848
23.553548861294985 86.05192955210805 3.2611683322582397 5.035630271336889
-90.25687242671847 -11.629538681358099 1.150395805994049 1.6902265588041463
-84.16797629743814 88.71494467556477 3.1962457997724414 5.299181332161331
98.81638357043266 -5.768316000699997 2.142570071807131 2.4511956490044464
63.984869457781315 -56.888196744024754 2.5987276842817666 4.9127619605468835
90.46125526726246 -75.1420219168067 1.6671529122628272 2.7072993088694743
6.13996572420001 86.62919918075204 3.4939353631343693 5.528931314457567
11.617709711194038 64.2864526733756 2.9054747298825534 4.630966916486469
-82.75501577556133 33.502993419766426 3.2007768503390253 5.140268031673743
23.378383681178093 19.278441216796637 2.27435912527144 2.7048842914251368
65.48477033153176 -29.719498559832573 2.7806516421958802 4.664857833034817
-82.75295953825116 -43.645443592220545 1.8782362865284088 3.358636127243616
-80.15004646033049 -15.323855876922607 2.9007126250304283 3.393091612048687
-55.12495908513665 -80.15256257727742 1.8702236738521607 2.948753632108641
-72.28593187779188 -62.45881515741348 2.5989591393154114 3.628351252983321
73.22123238071799 53.160686418414116 1.7519638200756162 2.9428564788298823
30.89193733409047 -8.882916897535324 2.8862562982365487 5.157334600283202
-41.04351545870304 -42.71235977113247 1.7321999091189357 1.797708332114419
-96.3632440790534 68.17572696879506 2.6186761530581864 4.162431777273427
-35.12056686729193 91.47620943188667 1.2450944389682264 1.3284362247829862
-62.726998936384916 -5.676521245390177 2.2630753178149465 3.2827378754051706
101.52719866856933 -83.65720993280411 1.1216429425403476 1.3807448097502732
49.41790780797601 -16.799525510519743 1.5840075226500632 2.5454876347901116
-2.7488942071795464 54.81673604249954 3.6948399958666416 4.098186250861742
-9.816924884915352 34.33299243077636 1.802241467125714 2.8585850921663627
91.33314666897058 13.948922161012888 2.875513126002625 5.323399359281988
-31.38623045757413 99.27515588328242 2.5250511944759637 4.280432530352817
-51.99291056022048 69.0064996778965 2.7405730694998054 4.298777048167239
-40.746549006551504 -103.32668647542596 2.697352942824364 4.568199343896345
-98.74542316421866 -11.624834407120943 2.4756667126435787 4.184494279178651
-82.02995586395264 -97.43169106915593 2.1604105758946393 3.840389284026815
-62.53605416044593 61.33503156155348 2.5284698137082158 4.750484590744816
-23.125235002487898 5.649852003902197 2.0095356524456296 2.5807218941905865
-42.79216530546546 2.9412320367991924 3.031891981419176 3.140482719774804
-63.96455891430378 -81.66952476277947 3.634453843533993 5.923872193375759
-40.84793106094003 -38.83113893866539 3.6013658239040525 5.241775590599678
-1.679584313184023 90.47253292426467 3.000200663972646 5.543138424401759
25.674779281020164 46.89024219661951 1.6928824509028346 2.2248316566876514
37.48186884075403 77.90291348099709 2.9912157903891057 4.0701351694585455
-37.626760710030794 -31.849642295390368 1.5194404967129231 2.5066568122469564
88.04579229652882 -87.56825005635619 3.6226190007757397 5.926759870713982
41.083106223493814 39.42276532575488 2.6114777067676185 4.478050045647751
15.23602956905961 -35.037992272526026 2.3703987176995724 2.9019279974091514
49.918608736246824 -94.63232507184148 1.5396335174795241 2.7219476166280265
34.080858916044235 -55.989050693809986 1.4728518764022738 1.6687446849210354
18.68388968333602 20.930201552808285 3.0324109205510466 4.187326165893844
101.58819688856602 82.27303019538522 2.634062211215496 4.694164333026828
92.34986509382725 90.211185593158 1.4514706986490638 2.5407771678053486
79.95997693762183 78.61898404359818 2.8733069562353197 3.2373989543419612
97.13800324499607 -85.11691434308887 2.7860736393369736 3.901875880096821
39.84025167301297 -94.60787958279252 3.4411386340856556 4.895878530985866
-4.935139674693346 -47.7058214917779 2.4173890159465374 2.6612087016279267
93.57915009558201 -48.11363612860441 2.7366443512029948 4.83968102913721
93.65541776269674 98.75788800418377 1.1435218542814256 1.7056224018016433
81.80967768281698 -90.86269609630108 2.3788201697170734 2.4032788805428846
66.93379774689674 -16.84539085254073 1.5653853829950095 2.166149976653368
-55.45410122722387 -28.99730422720313 2.7305171554442493 5.13563902170706
-42.95025270804763 -19.346102703362703 1.8444442614447327 2.224353291920477
3.1862124279141426 75.22355001419783 2.2620561312418435 2.3981993482210435
26.67674397677183 11.504364877939224 1.8344698941800743 3.1823005765453662
90.16429138183594 21.971356023103 1.7017758219502868 3.0319680257138195
84.29440043494105 -46.66654470190406 2.2566104100551456 3.5376907464772946
31.218401849269867 56.91259220615029 2.465296696824953 3.905858886580133
17.46011345461011 2.8159525617957115 2.236757439794019 2.764353640735275
-63.62682129442692 -40.29866265878081 1.411325482511893 2.127519415544588
-71.01407071948051 -42.211226567626 1.9833693752530963 3.50977926209472
-51.13422282785177 -7.442569177597761 2.3352064999286086 3.53454775988433
-3.4859366081655025 53.27712846547365 1.4079081387724728 1.974797867263779
-15.830635488033295 87.72034028172493 1.4387128948699683 2.6392667165625805
-85.24945251643658 40.981595784425735 3.4890569832175973 6.615734672706643
-81.287058763206 23.808979261666536 1.894872716907412 2.665203034087947
21.798296332359314 -55.74280374497175 2.245200580637902 3.0362400167156056
-32.666512072086334 31.507614564150572 1.346813561860472 1.8686944904440632
81.37746816501021 95.0131078325212 1.3807953018229455 1.5380901529693474
77.16442010551691 95.57189844548702 2.5745847376529127 4.112017020312978
-80.28928359225392 6.1898339949548244 3.669984947098419 5.901764708300203
-101.85904923826456 29.55681512132287 1.5759273336734623 2.6474698159199033
-63.85983091592789 -93.15697216242552 2.9551534994505344 3.200782493522579
-24.41109522432089 -98.63906272873282 3.0017812931910157 5.144655331402062
38.09407455101609 54.18693180009723 3.5308567387517544 6.309236535347622
66.92816586792469 -22.214105010032654 2.575588905857876 3.2701104631342983
66.14037330821157 -101.36476764082909 1.3192487022373827 2.0478748371317987
-1.165955662727356 -71.8558905646205 1.4583845023997128 1.5956042636305516
2.8163335509598255 -24.21224493533373 2.006006841408089 2.7079121128182346
-16.936442274600267 39.78651011735201 1.4277947730850429 1.689409271987692
NESTS 5
42.30033806470118 73.11778519289268
-39.07247213530081 53.75560365288018
4.195318621276216 -90.0958975246584
-0.6122344895409225 -54.03230756527161
36.030445695866234 -37.61219635582991
WORLD 48879
PAD 32.59948747179958 63.147938286349444
HEIGHTS 49
-90 -90 5.237970929531838
-90 -60 5.567283208465909
-90 -30 3.5165951045214614
-90 0 1.0771934664524647
-90 30 2.751493174486807
-90 60 3.777812661161286
-90 90 3.297844330570828
-60 -90 4.2697044188190585
-60 -60 3.7141135993902434
-60 -30 2.2781458104437693
-60 0 1.8564665762701047
-60 30 2.1033951922676857
-60 60 2.5959763593303427
-60 90 5.386855829079718
-30 -90 3.4064111965537736
-30 -60 3.227463353416698
-30 -30 2.8529203065906446
-30 0 2.765262237339483
-30 30 3.0747759822650185
-30 60 2.8102072141943286
-30 90 3.9240396950857495
0 -90 3.6120367636324957
0 -60 2.9931260377113764
0 -30 3.635757571211121
0 0 0
0 30 4.658521597685606
0 60 4.467049641139798
0 90 1.542972086572059
30 -90 4.279961456971832
30 -60 4.444401810749812
30 -30 4.603580888264833
30 0 4.389861315418023
30 30 3.419837494667007
30 60 0
30 90 3.037504796097958
60 -90 4.650452549024665
60 -60 5.4038845709193595
60 -30 4.748969523107361
60 0 4.157613757693383
60 30 2.8224084866326953
60 60 2.118934526861764
60 90 3.635640742952523
90 -90 4.943609747361811
90 -60 2.745083542291488
90 -30 2.0488695438067293
90 0 2.1193591430137975
90 30 2.1804454151360573
90 60 2.2083449216294295
90 90 3.536860341932666
ROCKS 95
5.563890784978867 62.664769027382135 2.221371016604826 2.5856447010857497
-52.09515944123268 87.2549349218607 3.1257997216656808 4.594860131286062
100.1050352267921 51.21165157482028 3.0842209502588958 4.567514625208498
-38.381971795111895 -59.27433565631509 3.123318109009415 4.586367528903613
51.64213935285807 -87.44461507722735 3.5283682516310364 6.1030152466833
-50.1583485044539 86.2280048057437 1.3909730281680823 1.6097578091109306
-62.73311519995332 -97.20693816617131 2.193319898797199 4.02314816088147
27.04315995424986 44.659178368747234 1.5938180438708516 1.991772706909214
100.82379218190908 17.114965070039034 3.544682234758511 4.933745734939157
70.16586965695024 -64.20590695366263 2.906283321511 5.254816828304233
4.89934616163373 -73.30631500482559 1.7793852929957212 2.1818793897229716
48.32116713002324 46.59505995735526 1.6118969537317756 2.482865537663172
58.225794441998005 -46.08785117045045 3.5623646473512056 4.077417819368707
71.6605605147779 -9.25932489335537 3.469970458839089 5.472548832923253
1.3964973539113998 99.90050303190947 3.4483784010168166 3.817410478311483
-67.0955243781209 19.959916200488806 1.5346844811923803 2.6748420570146716
-38.481902826577425 -45.1509912610054 1.2915630642790348 1.9352187184584133
-50.309069115668535 77.5549148209393 3.166882741637528 5.770912497555861
57.69877940043807 -9.073854360729456 2.5350476924795657 4.086064632022878
63.62759344279766 28.850501164793968 3.6716735966969285 5.929446112800664
7.651820659637451 -28.590241253376007 1.8335672962479295 3.452565501822483
62.83344276621938 65.69650703296065 3.219800940947607 3.9750397517004683
-31.16943096369505 -25.157725892961025 1.2525210162624718 2.143853337616987
-101.20979028567672 73.19394974038005 2.6415496949572117 4.198983328452383
-39.78829752653837 0.7250125482678413 3.6157312305178495 5.854056273994326
69.14630429819226 -2.3173716999590397 1.5064946821425111 1.6266327531363747
24.20729411020875 23.691412165760994 3.3667572864796966 5.574939030991938
-69.12305601686239 98.68936535716057 1.733419076865539 3.116516914805643
98.5924517288804 -25.94191738590598 3.1816085678990933 4.979967919980976
102.92229594662786 12.147946767508984 1.6030075635295362 2.17776841891041
-30.388347290456295 -73.7693228982389 1.2206767347175629 1.48613284214415
27.777864068746567 46.08019366115332 2.0482263908721507 2.4554799540463046
-54.40229542925954 81.00884698331356 2.265057944599539 3.7551689144961977
-61.89517575874925 4.9483683332800865 3.5118080868851393 5.902689694879122
-48.76499805226922 -17.514753509312868 1.6925292755942793 2.5151181151684994
-40.360223427414894 -77.78071683645248 3.592605592031032 3.8551002691868717
-65.0968210324645 -44.288589525967836 2.4170015439856796 4.125147131376547
86.81362098827958 66.32656499370933 2.793250714009628 3.591454937551412
53.73142755776644 79.0513232536614 1.7056054023094478 2.003740722037073
-49.92525393888354 -74.08931582793593 3.621219740342349 5.547316311741171
50.03477653115988 54.06501342728734 2.3652980799786745 3.640390614919624
72.56114761158824 -88.47214648500085 1.750832265429199 1.8338971980117582
-49.233912609517574 -25.698318667709827 3.634247079305351 6.564175947520977
-85.599469833076 79.11694027110934 2.0375670415814966 2.5103332505403015
99.46760848909616 -5.502030484378338 1.603094746824354 2.1823089390556
-67.76168802380562 52.728400237858295 2.326015993533656 2.413023894245651
-27.65319150313735 -27.548777129501104 2.2834396904800087 3.7231334610347724
-13.077998705208302 -95.6374690681696 1.7722937574610116 2.3959254658826556
91.72995538264513 57.866490229964256 1.5749748014379295 2.7017543331119716
-8.437185872346163 -35.876201655715704 1.799833598174155 2.2765980997931194
60.05331592261791 43.38747053593397 2.1849938956554977 3.5520487085338104
-42.9867345392704 -38.85611603036523 1.2090810859110208 1.625440239745355
-40.69090821966529 -95.76542273163795 1.2213161343708636 1.8476396825774897
62.557070069015026 -14.530079796910286 1.2438816281035543 1.9989046971235012
0.25631916522979736 20.889887358993292 2.2911909639369696 3.1189383727036715
-69.67719654738903 39.90317314490676 3.2737839098088446 5.311207922205171
-60.17138735577464 -43.32046254724264 1.6328866278287024 1.650471408799796
47.455790027976036 18.595384404063225 3.6218863866291944 5.29333868612752
25.489391028881073 -87.32446333765984 2.8646124809514735 3.511599594706146
64.50881271064281 -29.819247595965862 2.2660466501023624 3.4074192624443826
77.5547460950911 74.11706260964274 1.52932169851847 2.891570928624333
3.090732678771019 -92.1788878403604 1.1334812915418297 1.5962461702371151
-92.01915599033237 1.7372082583606243 2.506135604297742 3.8796477474962656
7.668263826519251 35.430728271603584 1.9324241932481527 3.5805981380829524
-45.04655494913459 29.495098266750574 1.2659312748815865 2.2462489958798257
-92.7462302967906 -76.4297007843852 1.11155899730511 2.0946894322861467
-88.28011036664248 -76.14575111493468 2.88828713465482 2.9938265838531546
58.791476372629404 46.71052301675081 3.5514005642384294 5.55997555538826
34.90957969799638 -28.086512945592403 1.788136811926961 2.4908134131835133
-15.962665788829327 -35.21628004312515 1.1605906954966487 1.3333772242861743
-89.9302218966186 97.73441754281521 1.4096134297084064 1.6982948900196662
62.46896670013666 35.97135015204549 1.9471518349833787 2.575844109317015
-26.90943682566285 -6.035452701151371 3.008928185841069 3.488480820772446
19.38548081740737 -53.90261276438832 3.0756417554337534 4.0987082750403205
74.95325643569231 2.2965087294578552 1.4041891322005542 1.4574407320988312
88.55781945586205 -37.99947925657034 2.6877972078043966 4.094353857612579
67.32838256284595 -41.564361836761236 2.2039334265980868 2.652519102747625
-30.68959978595376 13.81648200750351 2.241264842590317 3.7801917762436976
-99.12843205034733 -77.96649164706469 2.893488476984203 3.291422961353792
39.57392077893019 23.095226790755987 2.0211504118517043 2.2154967785613793
-94.28943772986531 10.515170559287071 2.339595938101411 2.9937784470253694
35.13011072576046 20.133662465959787 3.5585860957857225 6.362398964732402
-10.353376273065805 20.535815101116896 1.3243175416253508 2.5033541061005873
14.771584454923868 -48.92617370933294 3.371126730227843 4.140384739268483
-46.66746523603797 -57.93028022348881 2.83675959603861 4.5987064149820345
-88.24926249682903 83.73845079913735 1.9575987593270838 3.6385188723332837
-32.45381551235914 94.60005262121558 3.10977943665348 4.127490306137636
-8.93456381186843 56.795838955789804 2.3259120617527516 3.1223178831654392
-11.696246024221182 -78.71742627769709 1.5837227003183216 2.4949594178897234
27.555382814258337 16.25199991464615 2.226252797432244 2.8677550015598094
-13.945663291960955 53.92554805055261 1.8167976274155082 3.1662084160214587
49.0080347545445 29.227705668658018 2.058885509520769 3.703488078165721
27.020180985331535 78.56981537491083 3.101834615180269 3.833795215550391
4.303662605583668 -79.0307363756001 1.3152086576912554 1.3747552684864002
-89.78649565950036 93.51717230677605 3.5994811582379045 5.331653986364665
NESTS 5
67.57146264788882 -29.49830544782637
-4.373232643231741 86.58339079180236
-20.978644499608954 -80.30591455038862
50.80461364389392 27.192675226981425
-67.14805761071278 -12.452341344765484
WORLD 3735928559
PAD -57.83247871580592 35.31196582803953
HEIGHTS 49
-90 -90 3.593983658637597
-90 -60 3.9063911690130055
-90 -30 3.5079743920465933
-90 0 2.1658565644158045
-90 30 2.662092591720507
-90 60 4.228103817179753
-90 90 5.046978919188662
-60 -90 3.8736878738354474
-60 -60 3.404546001926125
-60 -30 3.8200560574794804
-60 0 5.055020325639926
-60 30 0
-60 60 3.9028933373780372
-60 90 3.1658471573835705
-30 -90 3.5718566540883203
-30 -60 3.503980690939298
-30 -30 4.176631278221167
-30 0 5.087594196429882
-30 30 4.396835851051598
-30 60 3.7290749216771046
-30 90 2.998925907534834
0 -90 1.6543551984837233
0 -60 4.939420574870226
0 -30 4.409758995685544
0 0 0
0 30 4.48216078076376
0 60 4.397510182407028
0 90 4.083238741359735
30 -90 2.0756592923732065
30 -60 2.6979955029094915
30 -30 2.911183539557682
30 0 4.307897082114468
30 30 3.323871549948983
30 60 3.2744757848806554
30 90 2.7168696485122976
60 -90 3.4501516311507157
60 -60 1.3212461321007196
60 -30 2.496565398927523
60 0 3.9618665719604054
60 30 2.7328959600749196
60 60 2.0152858536141873
60 90 2.7572979070751837
90 -90 5.649664370310836
90 -60 5.234406313812037
90 -30 4.100244108824463
90 0 4.075275323539778
90 30 3.337595791490951
90 60 2.6077790082455015
90 90 1.9453392396487554
ROCKS 95
-65.3259993083775 -19.0238447599113 1.4208768074866385 2.566199914954351
18.730138290673494 -15.521022152155638 3.578522752178833 6.53112314098501
29.45528894290328 77.1931371577084 3.3736715412233025 3.991857160926548
19.009725980460644 -0.8732980638742447 1.6338215192779901 1.644636453792777
47.41328075155616 35.73084210976958 2.4820730930194257 3.8983221043789054
-3.7288728691637516 23.362798236310482 3.542541790707037 5.591476336737628
32.958287201821804 61.561571680009365 2.6892143959645183 3.812366925504615
65.73686355352402 -0.3391339182853699 1.1798424425069243 1.612747121635188
77.41492602601647 -29.626871652901173 1.8690673236735167 2.149244805689113
43.41874307766557 -24.7398951202631 1.9871951000764967 3.206828902739594
32.1139421351254 -95.68296993523836 2.7152341161854565 2.751470026877507
62.29065016284585 45.9582464247942 1.6208983899559826 2.0253855535601066
91.39200772717595 -65.12040545791388 3.1719018779695034 4.422862286970523
-93.1997658610344 102.45753246173263 2.094252342078835 3.7652420961058706
37.23261998593807 -94.47506420314312 2.00669001522474 2.926305500479564
62.30455910041928 -69.60824661329389 2.238791342964396 2.383863854169319
52.24484110996127 -98.33003087714314 2.4141598313115535 2.6503448705552697
-68.64841969683766 51.24107747897506 1.3790761257521809 1.7121984274774447
-6.089762132614851 79.71249539405107 2.68102469984442 3.1153419352616254
-78.81072837859392 73.00602619349957 1.1055613642558457 1.75515117610123
62.787790559232235 -90.1986894197762 2.9180695902090523 3.2481035155220397
8.998786952346563 55.547377321869135 1.5595952533185482 2.833327875930232
-102.25247113406658 75.55222917720675 3.667285314155743 6.8131023412657035
61.05221473798156 98.28492882102728 3.2090979258529844 4.988844473475437
103.47175394743681 -79.87851872295141 1.4686489422805609 2.7188372302175647
25.952798411250114 76.07382402196527 1.4371835517231375 2.728419315889942
72.87420001998544 -32.170550044626 2.799231996294111 2.8986444912653844
39.26025715097785 -53.8515688367188 3.020238653337583 5.647199319249378
33.07486208900809 9.35543329641223 2.978521140757948 5.142641528574257
27.94052740931511 -17.011409483850002 3.661880294326693 5.135033287091568
27.97937246784568 -91.49173516407609 2.9668080957606433 4.073660326926005
-65.18496096506715 -47.35892502218485 1.4132145951502026 2.161099012342113
91.23380453139544 -60.597770601511 2.373661823663861 3.959642934983459
-93.24179399758577 -67.13029749691486 2.722706825518981 4.740882611937286
17.39625435322523 -19.833788689225912 1.6784172089770437 1.8417622752110998
-103.02450889348984 7.1896475329995155 2.925481530511752 3.0495791634141596
-25.698099672794342 -47.75747770443559 3.397885797405616 4.839005787560276
-5.021053869277239 -34.87121054902673 1.5787097483407706 2.5018531347230435
-79.71475420892239 63.6151181422174 1.1738020698539913 1.623469017552385
-41.38363838940859 -83.06473231315613 2.991731026535854 4.5609369281503005
73.77165275812149 52.777267921715975 1.8814176108222456 2.4245746475997243
75.06884478032589 -37.921822749078274 1.662293408671394 2.925749882532022
-12.558146230876446 79.1802529990673 2.502823357656598 3.957881762151202
48.436511877924204 90.07643969729543 2.851445644721389 3.2499066456753223
47.94066569209099 31.67181871458888 1.59385219886899 1.671280978169455
16.982822559773922 93.29749638587236 2.4083867352455854 3.5277471749923928
-45.89065578952432 -52.223284155130386 2.05182048631832 3.6590064125700112
16.490076445043087 -25.065152499824762 1.9183859012089672 2.361591302314143
-39.67814875021577 76.05139287933707 2.0752925800159576 3.0704797684594465
-90.9002101868391 -102.74115213751793 3.1043506062123924 3.811453654808891
-23.533492133021355 -86.69988722354174 2.614717041468248 4.743628754575008
76.39166632667184 -31.364516399800777 2.7602543585468085 2.9075565847966587
-48.62921679764986 -5.474942479282618 1.9989511619322005 2.1274484689378137
26.84852471202612 -25.975499350577593 2.267733209393919 3.2886643508000692
-23.348421961069107 -91.38118486478925 2.441582513134927 3.478944454187285
77.03780423849821 88.20299476012588 2.5487740015145395 4.1921962069304515
-51.777781277894974 51.69476864486933 1.8163730232976378 2.0239269595093687
-89.4049448184669 58.066548962146044 3.260198592673987 5.348291859865672
-38.49140106514096 -21.25552697479725 2.5120507631450892 2.9927856431343
5.552929028868675 96.29505399242043 2.1872775048483164 3.9604217536257162
33.18687295168638 -48.238384049385786 3.178679878357798 3.3050660828240517
-91.08699933812022 10.199826791882515 3.517309794761241 5.899476191046145
-98.3020813241601 -25.572683047503233 2.4565238347277045 4.4285883075548975
-51.634346049278975 78.05955935269594 2.271709956927225 2.8186648175110283
-54.71540730819106 -51.21400569751859 1.9518252286128701 3.1975204433384024
58.113690208643675 82.03238122537732 2.1936260037589816 2.8699579113485214
-78.61717614904046 23.563764087855816 3.6066414505243305 5.632729550585916
-99.25891166180372 -20.805844355374575 3.5930943824350834 6.470409924183791
61.894746001809835 -73.33819552138448 3.6998730869498107 5.340853739408733
-82.26691548153758 37.78370964899659 1.8609611629508436 2.2313570869991644
77.03438473120332 -92.41625120863318 1.4988734151236713 1.887080787241604
-61.03564831987023 16.43141743168235 1.1305268039926888 1.334938967576697
-95.1519658640027 10.813871342688799 2.624430525954813 4.2119892983110265
23.888729441910982 -59.276899330317974 3.6645892401225866 5.635066350923576
1.8830957747995853 75.4785470739007 2.123051837598905 3.217784600758835
-69.56271911039948 -41.19479488953948 3.672309405356646 5.595007086008545
-103.49387606605887 33.75941946730018 2.9888856096658856 5.391628408469873
22.940399952232838 18.076972298324108 1.986523420829326 2.736124985869493
44.09946421906352 30.89570267125964 3.143598031578586 5.227260926276213
-69.80520411208272 24.589184049516916 1.2543367375154049 1.9023904784196881
-41.599542919546366 99.62941706180573 2.027089353464544 2.6700226191980785
37.67455802112818 -24.12214295938611 1.8405423781368881 2.132093869189346
-18.121118128299713 79.70479802787304 2.9961068459320814 5.6460682091404895
-73.77221792191267 -25.579171873629093 1.885881089931354 3.174382826525438
-88.36267721280456 -76.53779235482216 3.3173844614531847 6.099550771397701
-3.1683056466281414 -40.229166351258755 1.1600521596614273 1.6477399841846618
54.10726486891508 -98.1243769749999 3.3531422292348 4.7416323886763525
-83.03935059905052 -30.648819126188755 1.194543986581266 1.5823474151136114
-2.774275727570057 -46.54283146187663 2.8583505085203798 4.0715793742124164
103.09843725711107 17.531969889998436 3.0401090307161214 3.342327818266905
95.14050010964274 49.052486315369606 2.2157168755307795 3.5139817993349003
36.68748938664794 85.7570371106267 2.2804770475253466 3.4668409975500727
65.86633032560349 49.983882151544094 2.253778759064153 4.260684376013558
-55.77795969322324 -37.47945185750723 1.1257752384524793 1.8236169838834124
101.07200335338712 -47.66733834147453 3.5351607782300563 4.741375542170838
NESTS 5
-52.748226108754466 -1.4201241793501993
14.92918938723016 62.29915042208557
36.259831919263895 -41.13423556558799
-45.650029687050996 71.05937222411052
-91.72229321665435 -7.3712191960187
WORLD 2024
PAD -68.31174516674912 -30.55813758989483
HEIGHTS 49
-90 -90 5.635470365942254
-90 -60 5.447799367899847
-90 -30 4.112597131445451
-90 0 2.7874838001002473
-90 30 3.1632728377682184
-90 60 4.09497016438415
-90 90 2.7946846434543495
-60 -90 4.590604474282352
-60 -60 5.197474134544659
-60 -30 0
-60 0 1.5727067089148907
-60 30 3.7130822800095924
-60 60 4.076930059817667
-60 90 4.175858077035058
-30 -90 4.205179852870078
-30 -60 5.777193987140028
-30 -30 4.394028698968093
-30 0 1.9128167361507802
-30 30 3.181626647212997
-30 60 3.537422586569965
-30 90 3.5363359425652696
0 -90 3.801868227589715
0 -60 4.782852894474187
0 -30 4.472867015083514
0 0 0
0 30 2.1443867614738394
0 60 1.1134808245073122
0 90 2.1473363625681694
30 -90 3.6709009180028307
30 -60 4.785068160323559
30 -30 4.044858667824032
30 0 3.103155784835463
30 30 2.7282519710498194
30 60 3.327179622899007
30 90 3.658751408078707
60 -90 3.537327438334643
60 -60 3.8356405514768808
60 -30 4.241080055454146
60 0 2.765540963868335
60 30 3.2136229994589374
60 60 3.3405665116140066
60 90 4.253202064903688
90 -90 3.7533848056814785
90 -60 2.4932768856848333
90 -30 2.3997859720742767
90 0 4.10748980704349
90 30 2.368234348623396
90 60 2.446172227938735
90 90 4.6493460966515325
ROCKS 95
-51.95784890279174 -15.03859306126833 3.4560535553377125 3.6124611695606377
55.33578033745289 -79.75312330946326 3.115698073897511 5.434751714733887
-88.40760061517358 -62.30553411692381 2.0147203116677703 2.6425431281381573
-43.43729744851589 91.0977378860116 2.090882661333308 2.2279640908445595
-2.3155084513127804 -46.28774006292224 2.607595970435068 2.7518319831503226
86.39719392359257 91.94562653452158 1.5772282068151982 2.6337480005406473
66.92640514299273 58.783852860331535 1.8196638226509094 3.2366640462965965
-12.75601365789771 31.219811901450157 3.6755751652177424 6.1156144255230185
-54.825044725090265 60.33854827657342 1.688415222801268 2.006707813066651
-41.94899420067668 -30.130026903003454 2.881258623721078 3.220057706421702
-16.223738722503185 3.1801436245441437 1.9390607913024724 3.4318160845777106
-13.707204658538103 -53.12638543173671 1.7620221743360163 2.4278001252586576
-103.22908854857087 -29.74221209064126 1.7105656849686057 2.2312226988559187
-101.66651561111212 70.45340663939714 2.8578435185831044 4.039601649766461
46.581374276429415 81.97000849992037 1.5161715090740473 2.4552424112981615
98.9612982980907 -78.42700821906328 3.295233921799809 5.327430320680701
-94.10575610771775 71.36782542988658 2.83559978865087 3.209761762911481
-9.36992086097598 -79.92370853200555 1.7674648299813271 1.8153672614884149
-34.70456878468394 -1.2036061771214008 1.440909085283056 2.1959364734161952
-51.09772191569209 32.189318276941776 2.1082415654789655 2.146652904295289
51.31368189677596 -36.617240495979786 1.6388912612572315 2.191342930682893
-9.418011650443077 99.07146169990301 3.6821993158664554 5.142817516187528
-102.06408969312906 -28.077614787966013 2.5453347752336413 2.651456222161996
82.42688516527414 -12.408672660589218 2.567803609371185 3.581730943859102
27.908181831240654 52.58531655371189 1.3685878414195032 2.307194244588763
7.697189461439848 36.484294164925814 3.0808690065518025 4.475678809126957
51.49764072522521 75.77994272485375 3.225651699816808 5.2039566326509625
69.58269660919905 85.29397647827864 2.4711541800294072 3.4032697433558035
26.754476856440306 93.74080994352698 1.979431752115488 2.676268283128672
76.86432413756847 -50.877049185335636 1.442394450865686 2.3382345406821385
37.84075637161732 74.80971955507994 1.713744507310912 2.473340885311847
-57.6837143227458 101.90535068139434 3.381405457807705 4.1122539703087595
-13.779290936887264 -22.624273236840963 2.069760194933042 2.957466883187057
-87.7996439486742 -87.78096017614007 1.4392170953098686 2.3520913057701276
86.09704773500562 71.79781075939536 2.31493352628313 2.577691770577712
100.04390184208751 95.47122383862734 1.860531890904531 2.957268044539107
-71.71616304293275 -54.66751667484641 3.665204296447337 5.311946206627837
-101.36811077594757 -39.40808608010411 3.4897838694509122 6.175981797662346
-61.89526690170169 46.12290067225695 2.6818595646880565 4.200085675076699
72.41069113090634 59.386980935931206 2.408179760351777 4.340778373494669
-61.00892900303006 72.4912926889956 2.6583738746121526 4.205323911582713
-69.44342683628201 38.861979592591524 2.634217803180218 4.255675132165616
-15.991631861776114 62.90156839415431 3.5095384639222176 5.508758892233659
-15.325937539339066 14.006739869713783 3.640107106836513 4.965575975003774
29.721466898918152 97.49322466924787 3.3880774990655484 6.403868543877647
73.33568013086915 5.513000328093767 2.3324498862959446 4.378292518759303
62.027247466146946 -61.41625954583287 2.1301240875851364 3.6251645555652785
-48.99222779646516 41.03734224289656 3.0646065352950247 4.858434826299252
-19.180537801235914 -40.254417549818754 3.138660119380802 5.052521566126015
-10.642626132816076 91.87035499885678 2.055757765006274 2.571360896060465
-59.817844182252884 -72.5265277698636 2.054991196235642 3.5110523143903536
40.87983763217926 -79.99333608150482 3.6382145212497563 6.196849217054376
33.48437715694308 -58.08485387638211 3.5475166607182476 4.395587350631695
-3.635890107601881 77.22124797850847 2.304245453281328 2.328141463826598
-79.68352234736085 37.83248861134052 1.3708702193107456 2.0127171739902576
11.84204050898552 -74.34677171334624 3.143752381950617 4.6140749017825025
25.896534878760576 88.85388818383217 2.308181368093938 3.609132900805379
-66.2753686606884 -12.491099402308464 1.5879471331834794 1.903080112642433
67.494674526155 -55.665435533970594 2.4204251435119657 2.7336485704089974
99.72946378961205 -40.535409577190876 2.321950369514525 3.0863632808709545
26.721404120326042 93.81933448836207 2.8731172679923476 4.4738228436602725
26.600775599479675 44.7624287083745 3.6416782452259215 4.29730475727705
-62.25306996703148 86.93852872401476 3.456768831983209 4.203729099553258
-101.99254310503602 8.931882552802563 2.4660992027726025 4.45739226030737
-87.01727822050452 37.0122548751533 2.0867856203578414 3.2570814954771135
-37.03557599335909 -57.252471055835485 3.2963432234246284 4.4983105076731755
-103.05992015823722 22.18962198868394 1.703242559405044 2.262635548326096
64.05188892409205 -100.17048070952296 1.1041508925613017 1.5886295774349182
-100.49834563955665 100.195282779634 2.139107758924365 4.055784883907431
8.809714868664742 69.77789488434792 3.0272981108631942 3.079731752442252
84.87479202449322 -22.384187445044518 1.672068995796144 1.768515933744365
-84.37930450215936 52.48693451657891 3.665090901684016 3.928178482012334
-31.06293434649706 -53.30133902654052 2.522481470508501 3.2434314848532786
-12.358627915382385 -50.00547605752945 1.322208410408348 1.7757849502187197
-21.373344495892525 -38.26150434836745 1.7262161938939244 1.889117288512973
33.47679030522704 -58.31958320364356 2.0773629591334615 3.883150685521826
-93.02141542360187 -7.94959606602788 2.5581422536168246 3.0924530536949524
-55.20806189253926 93.32616365328431 2.5837198711931704 3.062471803203722
-93.98697640374303 94.39820890128613 1.7361990858335048 3.0123772079533313
-73.26986717060208 -59.00466061010957 1.706841561291367 2.83989587320309
33.1064475774765 -58.37694364786148 3.513360679475591 5.1269568449241225
-87.30605522170663 95.84923531115055 3.541904014023021 4.182255653756188
28.277544021606445 -62.923753421753645 2.9494331290014086 3.82304590415853
-44.3466084562242 -28.923751186579466 3.0081015889998524 4.128624504540242
102.72166047617793 88.90818812325597 2.570064433431253 3.492475688136065
95.1320249773562 -43.348235964775085 2.416192078823224 3.9613816002852755
39.20180323347449 -81.47304530441761 2.8036792184691874 4.867366982412483
42.022685408592224 -92.15575302764773 3.559784957347438 4.283072968448364
35.37212025374174 34.47921647876501 1.931162849487737 3.5011325433925826
26.635439656674862 34.04449137672782 2.5375024640932677 4.158873144882447
0.18655746802687645 99.8505193553865 2.430486109293997 4.350972974692123
4.553675182163715 -42.33407249674201 1.5224411792587489 2.8054115352463445
68.11834671720862 -67.06203883513808 1.996330455178395 3.735709045395682
-58.94895667210221 -65.51936334371567 1.5028866507112981 1.6425382412724343
-6.2172998413443565 -82.10863048955798 3.237382871704176 5.129320470885352
NESTS 5
52.44751919608848 -4.944146691138248
47.58668983283236 -39.11068868816374
82.9814551184131 -29.922168951589093
-44.010317799457255 83.04997741400271
8.76244956407188 -74.06852830764993
WORLD 7777777
PAD 34.66569249948744 56.66391323228648
HEIGHTS 49
-90 -90 5.292745501047609
-90 -60 4.4944721799362215
-90 -30 3.129780640586315
-90 0 0.8628363527334831
-90 30 2.411939573337522
-90 60 2.6885292356352153
-90 90 5.3785938059763785
-60 -90 5.14925125689417
-60 -60 5.130675180860788
-60 -30 4.760323860674355
-60 0 3.61403926525292
-60 30 1.9703295936657157
-60 60 1.4392120864353184
-60 90 5.5202689031401375
-30 -90 4.159101782207756
-30 -60 4.781889168250481
-30 -30 4.830584786939083
-30 0 4.480826127303018
-30 30 3.000849780130748
-30 60 2.5052188186468283
-30 90 4.695458133356216
0 -90 1.0654902416605658
0 -60 2.574695715752611
0 -30 3.4876107798205
0 0 0
0 30 4.5277863651089
0 60 3.948073174102512
0 90 4.824283931092263
30 -90 1.411868746008001
30 -60 1.7850273967440649
30 -30 2.8198196533908306
30 0 4.477779051318742
30 30 3.3223385032207555
30 60 0
30 90 3.0612420231906037
60 -90 1.6506432057029703
60 -60 1.607885363432798
60 -30 2.054705562346493
60 0 3.633080202757928
60 30 2.8209683761914794
60 60 1.1485395898219164
60 90 1.959634803199613
90 -90 5.502883390851352
90 -60 5.652976917337571
90 -30 3.554395159292362
90 0 1.4280567851720576
90 30 3.5695178722288796
90 60 3.949721182693748
90 90 4.238950608556675
ROCKS 95
-32.1697596386075 60.276406701654196 2.0790900024585426 2.5245488149138606
56.32545744255185 66.98034864664078 2.7420022631529717 3.957145334089186
-103.15229838341475 95.08152456581593 2.462307431967929 4.082585441220886
-43.58046646416187 50.71136287227273 1.9739018042106182 2.36221157448771
-78.71058450266719 -19.43188788369298 3.1621055675670506 3.992390064776126
-11.485374793410301 -32.9378443993628 3.6438956474419686 5.144412710651152
-71.50515466183424 -76.01368933543563 1.2729601175524294 1.9941050878736353
-47.94211085513234 -78.11017802730203 3.037191502796486 3.3204791902601154
-83.49859591573477 57.10205075144768 1.117042509885505 1.3734678958597317
-92.26859221607447 -64.5574328750372 2.467787673184648 3.150130491631098
45.674637742340565 -45.15613507479429 1.684392392868176 2.5548314424897347
7.847445979714394 85.6466813981533 1.4579337739851326 2.258473555078826
52.52763933688402 -82.55262364819646 2.614249745570123 4.078355595328811
74.04744401946664 0.7986712120473385 2.1297330754809085 2.956381178883233
-30.402574986219406 20.87787387520075 2.2222839098889384 2.3958626608162983
88.96883906051517 73.41149474680424 1.129437344847247 1.7043147400112402
46.93119477853179 -49.089258283376694 1.1660950052086265 2.1428090242919104
62.04814138263464 -103.64483218640089 2.6395705895498396 4.580610961842144
-51.24233289808035 -71.50530285388231 1.246476649446413 2.1323331488091424
89.82496510446072 101.63600035011768 1.2254984656814487 2.18893664867093
74.7407551407814 103.86986045539379 2.117829468706623 3.1734037056271953
-43.99865880608559 84.41262848675251 2.65150021831505 3.3629969532544592
94.50545703619719 -19.116199109703302 2.79666708917357 3.1078285255909646
54.413826175034046 82.57488030195236 2.7237553756684063 4.122518275537067
-77.49055501446128 -8.467133983969688 2.1828614023979753 3.255293194129841
91.04006619006395 41.66053644195199 2.7088666713330896 3.1418896033233623
61.46049651876092 -57.99228256568313 1.740438992297277 3.2044658296177797
-87.18044091016054 32.180909249931574 1.678643529955298 2.929061210515679
102.99053029716015 103.98372400924563 2.912978855567053 3.6472578056643115
10.796649344265461 -39.84392998367548 1.368221866991371 1.5731954431089255
100.47277902439237 1.227824293076992 3.4745818751398474 6.002404577283228
78.16643003374338 82.85216370224953 3.3513718052301558 4.265249409323772
47.18887551873922 -71.04033974558115 1.75445379819721 2.072713796777303
39.40505167841911 31.422825951129198 2.9510837710928173 5.596607500137481
72.32846280187368 -10.778226215392351 1.1127691421657802 1.6313029610332108
16.325955495238304 42.46970076486468 2.420121749350801 4.336830455845917
8.495359532535076 72.42278612032533 1.5395028493832799 2.040318029975595
83.10489032417536 57.823446445167065 3.0933421550784264 3.292032591706007
39.642805721610785 -67.06377776712179 1.135997490817681 1.2565997937973923
59.968010913580656 74.4820740558207 2.819192446349189 4.259071092000639
-42.28311637043953 -8.902691625058651 2.0553149468265475 3.607730153869876
49.68556245416403 14.001964308321476 3.577692365180701 6.143630520542469
91.72255561128259 14.555297240614891 1.4708373041823508 2.719737344252958
-90.27710282057524 31.30389553681016 2.374825243232772 4.178019623860387
-79.46930192783475 84.11300416663289 3.034169365698472 4.7047303409304995
-102.16005479544401 55.08884608745575 2.4443454067688437 3.8943536890193577
-97.51519864425063 51.40567588806152 2.757307976158336 3.9503766163579312
-51.70827315375209 -47.5599505379796 3.22216061479412 6.042255301848734
-85.82893441990018 -82.24006075784564 2.721373114036396 2.9684669717697636
-16.598092418164015 15.894391532987356 3.262525199353695 3.2929164915264204
-33.91719721630216 41.06623267009854 3.3040622021537276 5.682343811966276
-44.56457518041134 90.79637429490685 2.0539735351689163 2.2450053967613615
69.73693319782615 -87.12329108268023 2.51110347029753 2.8683543514760377
-79.080516602844 -85.86978045850992 2.1404453065712006 3.4290397875845495
83.05277214944363 -12.99968734383583 1.8568987582344563 3.206531402606217
-39.36314083635807 -80.57034898921847 3.6967286575119944 4.284365511828443
95.29464231058955 -69.44130473583937 2.5842511408962308 2.615699552048926
-41.234445706009865 94.61147207766771 1.2419817660935224 2.265490915535248
13.956703163683414 59.20371822267771 2.278375350730494 3.3501152682090636
101.49691155552864 -13.807609129697084 2.797547516413033 3.1257378410250145
-94.93204963952303 -12.575765199959278 3.2552517683710906 3.5013700968910517
-10.11541960388422 -83.5294098854065 2.043570189457387 2.9350860233991605
51.56798589229584 89.23983248323202 1.3883588689845057 1.7970640623229204
27.96167678758502 -64.93059013783932 3.1901073231361807 4.052782115064445
92.14731378108263 -45.832137268036604 3.2815419281832874 4.683377172279227
-103.54624577984214 -46.16373886540532 3.0591044254601005 3.7928322049995313
-52.902956135571 -22.53754635900259 3.375824795290828 4.222638442015807
-82.6537347920239 -5.515421621501446 1.585717333201319 1.9100876092096404
-25.628954134881496 54.519009597599506 3.396695507736877 6.2583872403599585
28.011401273310184 -6.008855860680342 2.247526987548918 2.8184469708174387
2.02720208093524 -84.77619631960988 2.2972079121973366 3.5758506085174586
68.14690501987934 47.39667738229036 2.5884975525550544 2.7599159884046727
10.466177832335234 -68.76727950200438 1.3836240658536554 2.5693928015373326
-74.92356790229678 87.65659062936902 1.3101233198307456 1.9263696209379617
-14.050469066947699 58.68470346927643 2.104355453001335 2.9093619015910526
88.21338549256325 -96.346519831568 2.762877814238891 3.232524389149247
-44.54341960325837 -84.97322181239724 1.48690383262001 1.6592481012476303
-72.02472208440304 80.97659119218588 1.1283437050879002 1.8805749198291413
-24.527802370488644 -16.68226109445095 1.3399833395145835 2.3499684704962513
30.964177276939154 -30.337518628686666 2.599004995310679 3.5044197018786254
-90.84786623716354 33.54562294483185 1.9622319746296855 3.0259451432443836
4.117574218660593 -96.20267416909337 2.628083758382127 3.1323989482210437
58.12938452139497 4.859200693666935 2.9241526025813074 3.4096252531496414
87.09468086436391 13.875691801309586 3.668542648619041 5.470395556944737
-17.532562900334597 70.38350159302354 2.7185202379245315 3.3777514055181297
100.75754747912288 90.01850774511695 2.6723356982227413 4.348179907278533
103.10801351442933 -43.50986399501562 2.9200329054147005 4.036646443062424
-99.21460645273328 86.78086332976818 3.3183856991119685 4.562668267475521
7.578880678862333 -93.06352724507451 3.0305666039232166 3.621352441789702
61.77695409953594 -47.423152424395084 1.1005947610363365 1.1482912962335252
79.15644846484065 -23.615195348858833 2.544483623187989 3.758692207370448
39.731239181011915 4.0444645918905735 2.439392168680206 4.2371895807355955
-89.46859480440617 14.701136328279972 2.857427664939314 4.815799866440429
-100.9407940171659 -24.654658686369658 1.2908585279248657 2.2137485441408935
-9.028276443481445 -25.993595972657204 2.9572159235365687 4.966630136093409
NESTS 5
-81.02967348988214 22.302452420195802
-53.05537977937864 49.57596700414414
45.49932323824222 -66.8973855519345
70.84856511664742 -11.898413116070616
16.085574053636645 -90.82728227955344
